3965541 4008229 0 RemainTicket 15 1 4 5
3975947 4010352 1 RemainTicket 15 1 1 3
5888606 5894456 0 RemainTicket 14 1 4 5
4083505 6247540 3 TicketBought 2 passenger33 1 1 4 5 3
6157339 6316789 0 TicketBought 5 passenger10 1 1 4 5 4
6065213 6272565 1 TicketBought 3 passenger26 1 1 4 5 2
6568060 6626683 0 TicketBought 7 passenger22 1 1 2 4 3
4076032 6236258 2 TicketBought 1 passenger31 1 1 2 4 2
6684685 6814468 1 TicketBought 8 passenger31 1 1 2 5 5
6492132 6552882 3 TicketBought 6 passenger22 1 1 2 3 1
7015118 7066350 1 TicketBought 9 passenger30 1 1 1 2 1
7116205 7121504 3 RemainTicket 13 1 2 4
6855472 6902825 2 TicketRefund 1 passenger31 1 1 2 4 2
6760158 6864491 0 TicketRefund 7 passenger22 1 1 2 4 3
7455228 7508832 2 TicketBought 10 passenger9 1 1 3 4 1
7359440 7363754 3 RemainTicket 10 1 4 5
7204033 7208464 1 RemainTicket 14 1 1 2
7622238 7626564 2 RemainTicket 13 1 2 4
7813368 7876963 1 TicketBought 13 passenger21 1 1 1 2 2
7545745 7603680 0 TicketBought 11 passenger5 1 2 4 5 1
7908367 7912316 2 RemainTicket 8 1 2 5
7716022 7776281 3 TicketBought 12 passenger30 1 2 4 5 2
8057240 8192191 1 TicketBought 14 passenger16 1 2 4 5 3
8146628 8189141 0 TicketRefund 5 passenger10 1 1 4 5 4
8469134 8473815 1 RemainTicket 8 1 4 5
8327496 8332034 3 RemainTicket 12 1 1 2
8224907 8296465 2 TicketBought 15 passenger31 1 1 1 2 3
8656822 8661174 1 RemainTicket 11 1 1 3
8562529 8567052 0 RemainTicket 8 1 4 5
8974481 8978755 1 RemainTicket 12 1 1 2
8847920 8881754 2 TicketRefund 15 passenger31 1 1 1 2 3
9180857 9227005 1 TicketRefund 3 passenger26 1 1 4 5 2
8782471 8848772 3 TicketBought 16 passenger2 1 1 1 3 4
9400705 9404955 1 RemainTicket 12 1 2 3
9278121 9314673 2 TicketRefund 10 passenger9 1 1 3 4 1
9591384 9635459 1 TicketRefund 13 passenger21 1 1 1 2 2
9060948 9097161 0 TicketRefund 11 passenger5 1 2 4 5 1
9692331 9768215 2 TicketBought 17 passenger28 1 1 1 4 2
9760464 9764831 1 RemainTicket 12 1 1 2
9502343 9507078 3 RemainTicket 14 1 3 4
10052441 10056841 1 RemainTicket 9 1 3 5
9958523 9962719 2 RemainTicket 12 1 1 2
9883332 9887466 0 RemainTicket 9 1 3 5
10366885 10405265 2 TicketRefund 17 passenger28 1 1 1 4 2
10183404 10231806 3 TicketBought 18 passenger9 1 1 4 5 2
10278185 10282461 1 RemainTicket 8 1 2 5
10612691 10617109 3 RemainTicket 8 1 2 5
10709087 10713329 1 RemainTicket 8 1 2 5
4075495 15927967 4 TicketBought 4 passenger39 1 1 4 5 1
16024978 16028326 4 RemainTicket 14 1 3 4
10464165 16026385 0 TicketBought 19 passenger5 1 1 1 3 2
16120904 16174207 4 TicketBought 23 passenger33 1 2 1 5 4
16199400 16242014 0 TicketRefund 19 passenger5 1 1 1 3 2
16294493 16345143 4 TicketBought 24 passenger3 1 1 2 4 2
10826358 16133855 3 TicketBought 21 passenger30 1 2 1 3 1
10539393 16081231 2 TicketBought 20 passenger17 1 1 1 3 3
16554202 16602758 3 TicketRefund 21 passenger30 1 2 1 3 1
16447350 16470618 4 TicketRefund 23 passenger33 1 2 1 5 4
16371211 16375521 0 RemainTicket 8 1 4 5
16788743 16823551 4 TicketBought 25 passenger9 1 1 3 5 4
10908022 16162623 1 TicketBought 22 passenger1 1 1 1 2 5
16919626 16921944 4 RemainTicket 10 1 2 4
16846722 16850630 0 RemainTicket 8 1 1 5
16708669 16713045 3 RemainTicket 8 1 1 5
16636088 16640435 2 RemainTicket 9 1 3 5
17373135 17416414 3 TicketRefund 12 passenger30 1 2 4 5 2
17462923 17540163 2 TicketBought 27 passenger32 1 2 4 5 2
17187518 17191699 0 RemainTicket 7 1 3 5
17081185 17112749 4 TicketBought 26 passenger15 1 2 4 5 1
17021330 17026374 1 RemainTicket 8 1 3 5
17804032 17845406 4 TicketRefund 26 passenger15 1 2 4 5 1
17712298 17716306 0 RemainTicket 7 1 2 5
17639433 17643613 2 RemainTicket 7 1 1 5
17579228 17583765 3 RemainTicket 7 1 4 5
18000191 18078529 0 TicketBought 29 passenger35 1 2 2 4 2
18058977 18064252 2 RemainTicket 9 1 4 5
17875988 17941715 1 TicketBought 28 passenger4 1 2 2 4 1
17900927 17916164 4 TicketRefund 25 passenger9 1 1 3 5 4
18310523 18342733 2 TicketRefund 27 passenger32 1 2 4 5 2
18164090 18234216 3 TicketBought 30 passenger23 1 1 3 5 4
18225534 18229557 0 RemainTicket 7 1 2 5
18651733 18684330 3 TicketRefund 16 passenger2 1 1 1 3 4
18711022 18749903 0 TicketRefund 29 passenger35 1 2 2 4 2
18560387 18601060 2 TicketRefund 20 passenger17 1 1 1 3 3
18466179 18469397 4 RemainTicket 7 1 2 5
18434160 18480296 1 TicketBought 31 passenger39 1 1 1 2 2
19016762 19048918 4 TicketBought 32 passenger31 1 1 3 4 1
18950127 18954190 2 RemainTicket 11 1 3 4
18875590 18882971 0 RemainTicket 8 1 1 5
18787125 18792573 3 RemainTicket 11 1 3 4
19316671 19374570 0 TicketBought 35 passenger11 1 2 2 4 3
19233846 19306709 2 TicketBought 34 passenger18 1 1 3 4 3
19130328 19165894 4 TicketBought 33 passenger22 1 2 2 5 2
19093389 19098505 1 RemainTicket 8 1 2 5
19595552 19598153 4 RemainTicket 12 1 1 2
19404861 19473556 3 TicketBought 36 passenger5 1 2 2 5 4
19464473 19468535 0 RemainTicket 6 1 3 4
19781663 19785967 3 RemainTicket 5 1 1 5
19654336 19657714 1 RemainTicket 5 1 1 4
19927788 19932703 3 RemainTicket 6 1 4 5
19548596 20078694 2 TicketBought 37 passenger27 1 2 1 5 5
20013351 20016954 1 RemainTicket 5 1 2 4
20216379 20271839 2 TicketRefund 37 passenger27 1 2 1 5 5
20303170 20307934 1 RemainTicket 8 1 4 5
20392682 20436547 2 TicketBought 39 passenger3 1 1 1 2 3
20476247 20548443 1 TicketBought 40 passenger6 1 2 1 4 5
20112058 20169176 3 TicketBought 38 passenger11 1 2 2 4 3
19847409 20121039 0 TicketRefund 35 passenger11 1 2 2 4 3
19691687 20093566 4 TicketRefund 4 passenger39 1 1 4 5 1
20750437 20826337 3 TicketBought 42 passenger19 1 3 3 5 2
20810438 20814916 0 RemainTicket 10 1 1 2
20579959 20654881 2 TicketBought 41 passenger8 1 3 2 4 1
20652410 20656084 1 RemainTicket 4 1 3 4
21097950 21102767 2 RemainTicket 1 1 3 4
21031630 21094552 0 TicketBought 44 passenger12 1 3 2 4 4
20969819 21027715 3 TicketBought 43 passenger13 1 3 2 4 3
20870036 20872921 4 RemainTicket 7 1 4 5
21477957 21483564 3 RemainTicket 6 1 4 5
21356727 21360927 0 RemainTicket 3 1 2 3
21292773 21360662 2 TicketBought 45 passenger26 1 3 2 5 5
21187826 21191436 1 RemainTicket 1 1 3 4
21772524 21776301 2 RemainTicket 0 1 1 4
21696367 21699789 0 RemainTicket 0 1 3 4
21632261 21636310 3 RemainTicket 10 1 1 2
21540481 21542819 4 RemainTicket 3 1 2 3
22005598 22105002 0 TicketBought 46 passenger29 1 1 4 5 1
21946833 21950062 2 TicketSoldOut 1 3 4
21870987 21874281 1 TicketSoldOut 1 3 5
22353256 22428177 2 TicketBought 47 passenger3 1 3 2 4 4
22272771 22311265 0 TicketRefund 44 passenger12 1 3 2 4 4
22143600 22146501 4 RemainTicket 0 1 2 5
22071266 22150035 3 TicketRefund 18 passenger9 1 1 4 5 2
24761447 24822158 4 TicketBought 48 passenger3 1 1 4 5 2
24876818 24933629 3 TicketBought 49 passenger38 1 2 4 5 1
24655152 24658285 0 TicketSoldOut 1 3 4
24585715 24589921 2 RemainTicket 0 1 2 4
24467310 24470900 1 TicketSoldOut 1 1 5
25116770 25119856 2 TicketSoldOut 1 2 5
25041867 25070197 3 TicketRefund 49 passenger38 1 2 4 5 1
25057283 25061527 0 RemainTicket 0 1 3 5
24954259 24957204 4 RemainTicket 3 1 2 3
25396609 25399722 0 RemainTicket 5 1 4 5
25351164 25355436 3 RemainTicket 0 1 2 5
25315236 25317712 2 TicketSoldOut 1 1 4
25201264 25204158 1 TicketSoldOut 1 1 5
25610524 25644400 2 TicketRefund 39 passenger3 1 1 1 2 3
25569819 25616077 3 TicketBought 50 passenger29 1 2 4 5 1
25517600 25520603 0 RemainTicket 1 1 3 4
25458294 25486529 4 TicketRefund 32 passenger31 1 1 3 4 1
25859356 25861998 0 RemainTicket 3 1 3 4
25796310 25800430 3 RemainTicket 2 1 2 5
25751110 25799846 2 TicketRefund 45 passenger26 1 3 2 5 5
26037231 26082806 3 TicketBought 51 passenger10 1 1 3 4 1
26089247 26121491 2 TicketRefund 41 passenger8 1 3 2 4 1
25689858 25745449 1 TicketRefund 40 passenger6 1 2 1 4 5
26166570 26170193 2 RemainTicket 3 1 2 4
25982380 26040701 0 TicketRefund 46 passenger29 1 1 4 5 1
25915701 25940390 4 TicketRefund 48 passenger3 1 1 4 5 2
26310396 26313984 2 RemainTicket 3 1 3 5
26237322 26241987 1 RemainTicket 12 1 1 2
26400403 26402776 4 RemainTicket 3 1 1 4
26560072 26561808 4 RemainTicket 3 1 2 5
26580756 26582134 4 RemainTicket 3 1 1 5
26544172 26600193 1 TicketRefund 8 passenger31 1 1 2 5 5
26600200 26638681 4 TicketBought 52 passenger22 1 1 1 2 3
26664263 26681126 4 TicketBought 53 passenger7 1 1 1 2 4
26643587 26686616 1 TicketRefund 31 passenger39 1 1 1 2 2
26706904 26722185 4 TicketRefund 24 passenger3 1 1 2 4 2
26759743 26763326 1 RemainTicket 8 1 4 5
26784731 26798958 4 TicketBought 54 passenger12 1 1 4 5 1
26817862 26838879 1 TicketRefund 14 passenger16 1 2 4 5 3
26836018 26856090 4 TicketBought 55 passenger2 1 1 4 5 2
26911455 26923293 4 TicketRefund 54 passenger12 1 1 4 5 1
26944537 26959340 4 TicketRefund 53 passenger7 1 1 1 2 4
26975947 26977703 4 RemainTicket 3 1 1 5
26921006 27045902 3 TicketBought 56 passenger7 1 1 3 5 5
26990467 27051897 4 TicketRefund 33 passenger22 1 2 2 5 2
27137076 27141777 3 RemainTicket 4 1 2 5
27182378 27184586 4 RemainTicket 4 1 3 5
27239998 27243217 3 RemainTicket 5 1 2 4
27312253 27326616 4 RemainTicket 8 1 4 5
27367617 27371594 3 RemainTicket 4 1 3 5
27426467 27429147 4 RemainTicket 5 1 3 4
27497221 27501357 3 RemainTicket 5 1 1 4
27568739 27607711 4 TicketBought 57 passenger22 1 1 2 4 2
27619377 27622222 3 RemainTicket 4 1 3 5
27675944 27678813 4 RemainTicket 12 1 1 2
27743783 27746872 3 RemainTicket 8 1 2 3
27802681 27821783 4 TicketRefund 57 passenger22 1 1 2 4 2
